Plains Village / Dark Forest Practice Seeds:

535813
688722
691951
703327
705101
883879
1029377
1132704
1183591
1183985
1318810
1485505
1785082
1816879
1902258
2217284
2358017
2439881
2598020
2655882
2722879
2827286
2905663
2988857
3238323
3510341
3678796
3989637
4108046
4530657
4531526
4555689
4759205
4835156
5149129
5382325
5492999
5520094
5529443
5740484
5745947
5764602
5768663
6126322
6294536
6295169
6372852
7028493
7247885
7315550
7611576
8245566
8366699
8378975
8405627
8426077
8500855
8810525
8847337
8967683
9573738
9597540
9825061
9917653
10116879
10141385
10407570
10614249
10616971
10649771
10715501
10845655
10923349
10940822
11073209
11119653
11448736
11697515
11826334
11972445
12046894
12075065
12219779
12310522
12351947
12553740
12572212
12770581
12848549
12868317
12954621
13119026
13352440
13447357
13617756
13646703
13857113
13995472
14067107
14210179
14360741
14620874
14779033
14822429
14937905
15148161
15187865
15196712
15328527
15381831
15453406
15532788
15773767
15855893
15949316
16301973
16389627
16393840
16501868
16516198
16572457
16850396
16961223
17015905
17512023
17604038
17635945
18089826
18239003
18422856
18646402
18678576
18745228
18747649
18750723
18774087
18901605
18927274
19017970
19105314
19118350
19248260
19469200
19575716
19616192
19690318
20142291
20324842
20384513
20611696
20881115
20952746
21118811
21221908
21496126
21862097
21947038
22029286
22096879
22277982
22357846
22442101
22679467
22699290
22727149
22770235
22840682
22868683
22897830
23249857
23620889
23647330
23994116
24108416
24186192
24293467
24407174
24596263
24898959
24947444
25206220
25218075
25282537
25285914
25290475
25331841
25465176
25702736
25703283
25720564
25828929
25882061
26101509
26175849
26213011
26324338
26349501
26425398
26437867
26540378
26619397
26791268
26884992
27313157
27473736
27643091
27777428
27834695
27946857
28038823
28281036
28294255
28326250
28422009
28530498
28552277
28700242
28879205
28883872
29009023
29067951
29273038
29376692
29390627
30015351
30046340
30237676
30328222
30384118
30486231
30606311
30637736
30941400
31019435
31063085
31120093
31334689
31458655
31545075
31698712
31701644
31718149
31755979
31800371
31839142
31918152
32019209
32216297
32247599
32471275
32518787
32948769
33255065
33265447
33280723
33365014
33532812
33620172
33733202
33845865
33857151
33900841
33941579
34300679
34365000
34496636
34526676
34594444
34603449
34685827
34746186
34852578
34880931
34967783
35145341
35175910
35406829
35412807
35869990
35957542
36013904
36173708
36467693
36501508
36521944
36617355
36641563
36716244
36764013
36781126
36793594
36796998
36971272
37000596
37263747
37452860
37659218
37700608
37781247
37950467
38003305
38059711
38089335
38152210
38172487
38270433
38509471
38723001
38890485
39117895
39223366
39265489
39524103
39549246
39685249
39769738
39855684
40040021
40078027
40134138
40359687
40390972
40565087
40581366
40673760
40717669
40744214
40876989
41127751
41178078
41206462
41207178
41210294
41309428
41364326
41368816
41393188
41488723
41591693
41603838
41719708
41922066
42032577
42207950
42276111
42514114
42567463
42902463
42903579
42975145
42994143
43043055
43208870
43224526
43367629
43500650
43578721
43600663
43621030
43623232
43970465
44001075
44221779
44222097
44300020
44743088
44756630
44921380
45082342
45093176
45123587
45226131
45479845
45721853
45773039
45990480
46255744
46575784
46773481
46912497
46955882
46961724
47199939
47211221
47685443
47688882
47768579
47847115
47917821
48112194
48147121
48153878
48363813
48435157
48537549
48663657
48699090
48768170
48768235
48793119
48859367
48862368
49056957
49111650
49215316
49279616
49501444
49553131
49582273
49785455
49860175
49989810
50134413
50305651
50495360
50771210
50875646
50893024
51150726
51207019
51215431
51226588
51351978
51610000
51678156
51771611
51771731
51919612
52070360
52340211
52347295
52483685
52514146
52587010
52660977
52688384
52730725
52891387
52996195
53082635
53157031
53315314
53396964
53557483
53592073
54109561
54165878
54211927
54249911
54287585
54509131
54631014
54678084
54933997
55215532
55360783
55395519
55414314
55435074
55542870
55700375
55738479
55898866
55971835
56251089
56287807
56316632
56335734
56531404
56534988
56554627
56624435
56752497
56757454
56896490
56941806
57116060
57167828
57231018
57233896
57334735
57366172
57464800
57469955
57570116
57687228
57773884
57868246
57933568
58038764
58182720
58289555
58365595
58396475
58508032
58549483
58562388
58592960
58600569
58803404
58925111
58935243
59044155
59065291
59083357
59188311
59250818
59322787
59526144
59531376
59606560
59707854
59739069
59888193
60221499
60277414
60295393
60345498
60358735
61226692
61307563
61544677
61667155
61672662
61675919
61722520
61783367
61806005
61890304
61897757
62046729
62147902
62193582
62420433
62486523
62491083
62524808
62559426
62941158
63030624
63466725
63500730
63699561
63945723
63950592
64307592
64425164
64509787
64626627
64824711
64861641
65207635
65419581
65506358
65685251
65779855
65903019
66000149
66083976
66135569
66226418
66257496
66519978
66586309
67088168
67397357
67686606
67713769
68066650
68123230
68225827
68281092
68304276
68394959
68489784
68497966
68604206
68877280
69178182
69625474
69701746
69783280
69934889
70197741
70338023
70454591
70506702
70622714
70794808
70910901
71040828
71065685
71112828
71297812
71383584
71400038
71438505
71464547
71644344
71649356
71716348
71946015
72141952
72155552
72281249
72331110
72502002
72563489
72629472
72639786
72704968
72728895
72756228
72785861
73016790
73231206
73409323
73528035
73651060
73653627
73678538
73715213
73939066
73996049
74026284
74065848
74077072
74190073
74239739
74680429
74741564
74776724
74808529
75175178
75237118
75237935
75285998
75317165
75396372
75454688
75546922
75560285
75661474
75672786
76115007
76146194
76319752
76339322
76374562
76381468
76508448
76571269
76607572
76870294
76949417
76961427
77078500
77419701
77426924
77535231
77674413
78380689
78432679
78448192
78466783
78498165
78561038
78710178
78763766
78823876
79016297
79342806
79396241
79556545
79566275
79616384
79938719
79954826
79998122
80271798
80325688
80326599
80729039
80768482
80891203
80935612
80996016
81119516
81163618
81172942
81377603
81424517
81441169
81449726
81605839
82153044
82169069
82178360
82335618
82428979
82797001
82853021
82876869
82987580
83065732
83090268
83215532
83245034
83364746
83414438
83539727
83619508
83635137
83709947
83732016
83827542
83923959
83943469
83998388
84038744
84122846
84228619
84322470
84339716
84383784
84473967
84879906
84902589
85057323
85421710
85453057
85518167
85574509
85676631
85806090
86014269
86184736
86189349
86209294
86227318
86277169
86361302
86443958
86592501
86811103
86905407
86951350
87096828
87148547
87419877
87462846
87469000
87816992
87919000
88079481
88437828
88763316
89160929
89542663
89587437
89691081
89816095
89856445
89930879
90052387
90139352
90153178
90189778
90235368
90434974
90457262
90605000
90699321
90873914
91470733
92014278
92054976
92159745
92187846
92246392
92360469
92409997
92467453
92489228
92569394
92570508
92791997
92794719
92930616
92937881
93155409
93171667
93357218
93431242
93435732
93571975
93646392
94361570
94580798
94621045
94630819
94674612
94789077
94916347
94935624
95145244
95145911
95205225
95214481
95283290
95340802
95472901
95606225
95677856
95741242
95955878
96083089
96126420
96190122
96244117
96491685
96509428
96531151
96547717
96608625
96627863
96824690
96835669
96841731
96997791
97191282
97303683
97309984
97382111
97433324
97448416
97638023
97657534
97872656
97957065
98004717
98008159
98013044
98109171
98138072
98160389
98405682
98432869
98437792
98709865
99180381
99385368
99674154
99721200
99853941
99883019
100030275
100207624
100309363
100544502
100549771
100581219
100621028
100693653
100711528
100884206
100927098
101088506
101217247
101291563
101302814
101357525
101542650
101602712
101904161
102078348
102095049
102130949
102176351
102195026
102297811
102387287
102460938
102519193
102712467
103355779
103581621
103592432
103595291
103619347
103754993
103840256
103992258
104132512
104247434
104345981
104394310
104504942
104672886
104774532
104876662
104901694
105255192
105381835
105404569
105423827
105511152
105884672
106021199
106054215
106168934
106197108
106226182
106250223
106250492
106334442
106395815
106469902
106800372
106851485
106890449
106982330
107351094
107416449
107425203
107527034
107881820
108033563
108062805
108175755
108258490
108268657
108596170
108599809
108602353
108623405
108659807
108846962
108868968
108888999
108938428
108977078
109045390
109094096
109312333
109351959
109445462
109466573
109557541
109641918
109698327
109824792
109878972
109976991
110031395
110155051
110166776
110224572
110446985
110653770
111001072
111060154
111164468
111223533
111377878
111448194
111495303
111639208
111963507
112020601
112031096
112126061
112231525
112449203
112500236
112542800
112740340
113273407
113297326
113427815
113445718
113853319
113900901
113927013
113994814
114177522
114587452
114682879
114752300
114854616
114926077
115253911
115390915
115410944
115413392
115624273
115798715
115814285
115874664
116026793