Savanna Village / Temple Practice Seeds:

27186908
30349661
33281266
36272440
38849622
48039074
48471396
50427355
52550771
64559097
72857726
94820032
104697836
112561508
114634259
141880435
155436004
161779496
177297003
179351280
191806764
210579473
220591193
221554078
224564576
224775392
232861837
248439174
277929174
292458248
301107343
311329578
315572047
331897073
334433009
348107205
350795472
389567662
392956577
393075137
397987160
419343335
421322418
439686587
450011530
462015702
463268491
473766484
487044836
492825388
497772054
497857774
514230893
514593637
525187501
529750703
537038558
544320336
551206676
564475313
565038691
568273705
571465384
578503983
579908996
586386121
588656110
593265697
602511048
604591735
613563856
617470089
643116713
645985851
651517963
654499975
655525295
668189376
700559427
701468474
705207970
713511621
716545447
718026965
719633431
741367037
756784848
757574487
777672742
783208086
793228085
808153598
818918764
821750307
826144546
833585400
845795363
847299211
848740670
864193916
868724111
883875034
890737960
894101683
913060645
915175649
925803616
938522276
940219686
948927211
963689660
969934950
981851498
983930277
986948404
990250111
991416156
1005489803
1008770396
1025490654
1040774145
1041183385
1041851505
1050368415
1067814927
1072025398
1075416786
1079410349
1085448661
1119834829
1122744951
1134900811
1141104221
1145218539
1152830624
1162248459
1162527383
1186243834
1187879321
1190829284
1221892519
1239534860
1262648275
1301624231
1306189064
1310492370
1329494941
1332846398
1344664170
1344812307
1352186467
1362748936
1367918896
1379692283
1383911266
1399478847
1400889600
1418946415
1424299453
1428779422
1429171229
1437056214
1453750525
1460036607
1495323699
1496784240
1510722406
1510876248
1513695219
1545457245
1546861042
1547407660
1552203901
1559243489
1562789178
1579257066
1580915716
1602592026
1628492970
1650678367
1656674066
1668989469
1670885967
1673063341
1674339327
1692447843
1715748370
1734963219
1739624168
1758891158
1758955866
1766189367
1806083862
1808922658
1822392731
1825680218
1830739762
1842860595
1842874714
1855930713
1857377317
1858136284
1861455583
1869752383
1876188726
1878462036
1901126762
1913424559
1937226990
1938312702
1948736073
1974523081
2006250387
2007362099
2009669763
2017186588
2049406811
2052588759
2059803529
2064713606
2077929210
2104540444
2116269057
2144840231
2147205346
2156768488
2165101908
2165340329
2169834723
2184553424
2229987823
2234567451
2240878117
2251058413
2255400712
2257345203
2270190529
2278144437
2279313174
2287052667
2288066732
2295909829
2303356664
2309931461
2320888278
2322594031
2336518151
2338939482
2345569496
2348525208
2357721194
2363826203
2368868787
2377523521
2382286172
2384120482
2384766684
2396216962
2407112924
2417995080
2428629618
2433630457
2448998764
2460298325
2469686457
2470323566
2476400368
2483393856
2502811944
2516760713
2523651838
2533859510
2555221924
2558027738
2562163482
2575324802
2581681729
2587389275
2595086728
2595872410
2597301594
2601006536
2602115141
2605472273
2607067796
2615008432
2618313420
2633031504
2651827402
2668984433
2672935072
2676203099
2678633820
2683538804
2684371197
2688483013
2699728224
2713366210
2716644560
2720191539
2723154383
2726762799
2727652040
2729497760
2741575205
2752105172
2757442179
2768610687
2774412277
2775732401
2794290725
2814822238
2816195730
2863366573
2874104949
2875697789
2878127543
2903821020
2911377767
2923526296
2924778911
2930788478
2966326990
2977214298
3006588902
3017740981
3020862628
3022785126
3024240622
3047866032
3048127743
3055122337
3056917432
3057039345
3079450432
3079664317
3079838101
3089570358
3100783335
3104652409
3121264187
3121392215
3122070666
3129451057
3132927650
3139272153
3148426743
3149101297
3158293171
3174956322
3180562507
3187758177
3193081778
3193214538
3193577970
3198017352
3200131401
3203260915
3208365055
3231275535
3244712121
3246316828
3251946370
3258904439
3259308366
3262700898
3263652729
3291842167
3292485377
3292800859
3308700042
3318071112
3323183593
3330578238
3346542813
3351361513
3375482849
3382946387
3389177035
3393473739
3398509089
3416496219
3416558776
3436623859
3471368031
3477530156
3489717474
3494922756
3495689363
3502552782
3510967791
3531978472
3541644283
3544069466
3555403503
3562918233
3564282630
3574981161
3596127732
3596381435
3596444554
3598096819
3609924870
3613633022
3622429219
3627923474
3639817168
3641038604
3652493126
3655320035
3656432816
3688470348
3712949108
3728552092
3732194425
3748661397
3760039090
3767958319
3776441106
3781489561
3781731180
3784111667
3789477706
3792231899
3803955827
3807201743
3827081024
3827440495
3830478651
3834539887
3863046384
3864858820
3870149910
3891446582
3903348913
3907573596
3918124264
3918368546
3925661008
3929325508
3935503663
3967022048
3997547205
4012075472
4015471814
4031811693
4033424315
4040335606
4082046712
4083003747
4105953827
4119765105
4130976664
4172107697
4172909886
4176587976
4181915938
4189508149
4206076531
4211033734
4216028691
4221047589
4243311276
4268087201
4275883334
4279369816
4298226614
4305829566
4311062344
4314452481
4317724032
4339785976
4340216469
4350592505
4350951975
4365801510
4371275163
4371867553
4373173347
4375675331
4383532920
4397828589
4398662270
4401781730
4403284862
4403560039
4418049260
4423674327
4429542435
4431893390
4436633832
4443652334
4448578946
4459581238
4470402503
4480895931
4482078522
4486188659
4488027474
4495559057
4501131352
4510751181
4520398720
4543391528
4547468739
4554949535
4556374782
4563717470
4575211771
4584605310
4589626639
4593661527
4597915474
4600214568
4610694884
4641638754
4654094090
4658866775
4662957490
4665309973
4666569242
4683793759
4695103282
4696285032
4698110769
4719408342
4732914060
4733803713
4734418339
4739646977
4745702752
4748397958
4766042421
4772124324
4784817177
4785659425
4793954963
4794770169
4809631677
4814052929
4846611593
4860409123
4868273549
4880918728
4883275086
4883473064
4885335192
4890979728
4899130736
4900111463
4901965501
4915387736
4929645297
4931875689
4934288822
4935582306
4954957280
4972954835
4988042902
5006988992
5011279498
5017813216
5026426277
5027385771
5031111520
5042126486
5045403514
5055882290
5061247636
5061248975
5066996461
5068399079
5076979002
5077324869
5082533301
5103098789
5105069244
5106005291
5110600856
5114831209
5128953512
5164873614
5167564636
5172902298
5175619470
5189314622
5203093991
5217845836
5230752771
5231778729
5232810893
5239889607
5240089263
5245671389
5251819018
5260412223
5268739248
5276511369
5276876048
5286501720
5289592817
5290559247
5293609567
5295217870
5307601265
5307897350
5308387176
5311663418
5320305587
5322156086
5330820920
5336366014
5336672254
5350957041
5352902336
5362557288
5364102996
5372144022
5380607664
5383836938
5393960041
5396261366
5403440136
5442628033
5458798690
5469028032
5474642426
5478135492
5479490504
5485070997
5488225128
5506479058
5522554333
5525413104
5532456146
5533723131
5533862581
5545531727
5548786183
5564642990
5577670726
5595934905
5597753255
5598524568
5602281392
5602598271
5606592889
5626102809
5645109576
5658387953
5664134633
5665724316
5667478820
5684585358
5686295425
5689818506
5691830154
5693002960
5697060647
5699160857
5702807795
5705889821
5711626616
5733535612
5736222474
5737084005
5745521904
5754619110
5771722755
5776210528
5779393300
5801020566
5805301456
5825341397
5834134896
5834925944
5837412146
5872145768
5878827539
5882238937
5893605288
5902299981
5907123623
5910931791
5912479086
5918478122
5919480555
5920898788
5922820403
5926217629
5934465595
5940659244
5955193819
5958403402
5965726275
5976673280
5977354682
5984450630
5985201999
5993863393
5993937204
5995999008
6003314355
6006599297
6013096525
6026594612
6035436667
6045675139
6049548636
6070963482
6091066639
6120727376
6147709397
6152252074
6153385559
6164870732
6165683354
6184545552
6196489544
6209315369
6210427243
6250721244
6255010150
6255256185
6287757042
6290571292
6307892974
6341376023
6354220696
6355860963
6368172551
6372098322
6373238488
6378273005
6379441742
6385163520
6401348623
6406683505
6407723963
6415551198
6421145982
6442224035
6443817451
6451828115
6461752942
6477487350
6489819450
6494897672
6500286640
6506610247
6508058179
6508362962
6523076757
6538739175
6541964089
6542029279
6551809768
6552325978
6556540375
6565523401
6568298527
6588832914
6593423837
6607178388
6616541791
6622857480
6627062807
6635661850
6665042877
6667153140
6670105850
6679533440
6688269692
6691871333
6693517855
6702028610
6720219389
6725547364
6734192280
6736297067
6744148288
6747426229
6756850633
6763558554
6768541633
6780925062
6785136165
6785447110
6787816742
6798795123
6800539464
6816720519
6825615955
6839708348
6840838743
6849515609
6877390564
6903716527
6915176825
6920443718
6933386392
6935866843
6941074452
6950452891
6955946353
6964623234
6983275088
7005380290
7007681736
7041093000
7046283137
7050993731
7063429624
7063805571
7068502005
7078588154
7086194684
7091369280
7108423242
7119099967
7121233945
7123213708
7125708150
7137978582
7141411343
7143013752
7147795616
7149747549
7150352744
7195830030
7196366706
7212966861
7221293825
7232468178
7239806175
7245384892
7258002155
7275001554
7278600438
7289802554
7290805538
7304283177
7306823637
7308629356
7319935937
7328534402
7328828453
7330619483
7332251537
7332514907
7337936666
7339323353
7346753356
7348761525
7365022080
7370450260
7380454234
7383131111
7401976220
7402835210
7414139272
7427436011
7468961456
7471614616
7480622131
7483542204
7488825663
7495016200
7500759826
7511715662
7514483627
7517686104
7523766837
7538095330
7541934713
7547172012
7553512871
7553528499
7560680784
7563439627
7569296584
7571062039
7576789338
7579032876
7581390726
7592127720
7602031123
7607435461
7609237152
7615351433
7637787133
7644536312
7647235386
7673707375
7680999302
7699211422
7706109505
7726780533
7727262052
7730610157
7736361670
7738164940
7740377049
7741020042
7742592328
7762907691
7765670439
7773894412
7776998636
7795292024
7795944607
7799098483
7800846677
7803938937
7804433279
7816518812
7819872873
7831885227
7868765452
7879382712
7889250075
7894187908
7902053722
7924839485
7929324720
7930819920
7934168844
7942291276
7947601759
7949546213
7950346791
7954336978
7961188799
7963394856
7963454714
7967499005
7972383630
7974302649
7981325321
7987729231
7990179390
7994711525
8003483877
8011747084
8023551907
8040057238
8042027528
8044385530
8057023036
8058773948
8073849701
8095252065
8098201308
8116583853
8123976766
8125010827
8129122875
8156829447
8164633437
8166479040
8189409919
8194897446
8200885177
8201388701
8216204871
8220547717
8227131513
8236828015
8264717674
8268655163
8271146196
8278964469
8280166519
8298181289
8303578976
8305828413
8312746665
8313934793
8325283750
8329610904
8342972420
8350204964
8354744342
8366314127
8368925354
8373971507
8382420124
8389298422
8391080069
8394280464
8398741298
8402017538
8404472033
8413834709
8417135748
8417634966
8420496762
8434440477
8435253396
8453530147
