Tundra Village / Igloo Practice Seeds:

2748301
3544194
9361107
11999407
12507936
12845544
23966472
24298709
27424030
30820989
32169127
32987982
34999615
35664313
39370382
47421908
49514151
53090580
54735066
56242369
56654004
57346091
57942949
67061630
69504755
69725902
72646009
72792469
77806200
80977555
81462254
83380649
84164319
86358618
87174748
90303767
90528539
94569695
103155973
106388777
109024935
110727455
113614198
118278027
126427464
126624817
132737915
135727151
136866624
137595018
145861080
146221485
150563024
153280166
154682256
155186034
160453055
161285005
162206232
162621686
165748966
165888429
168889024
171857729
172629838
176046482
178742894
179718116
184726899
185839266
195232352
198360407
198695673
201445551
203097200
208319794
208458520
209719852
213149621
217243303
220068353
220709939
222857974
227078340
228114251
228675898
230361001
231570133
235555414
238190340
240165967
244305283
248598808
251878738
255048263
264415198
272079397
277564032
279428326
281369151
289436316
290132147
294189862
297588435
298045713
299013946
303701854
306464170
311845807
313179827
317794977
318288673
318301337
318309138
318581618
319103157
319878927
327407828
328664096
329393166
330936537
337697109
339631071
344964771
351634777
357504493
357949971
358913314
359245139
367356753
372208873
377890284
378594543
386185916
388977463
390591604
397280783
400445246
400579164
405552841
407786130
408689790
412043900
420341513
423379048
425971861
429975550
431485348
431744414
433386282
439642715
440177053
440926327
441404728
445364043
447268717
448334080
451256186
453041447
455347422
455988465
456524888
456574006
459874675
460774771
465527238
468854212
469909508
472772631
474139954
475225845
478160876
479449496
484504236
488544026
496491280
499186027
499458289
501160465
511043247
513354448
515216675
516392745
519151458
523256039
526425876
529196833
534201934
535877793
547084561
548836726
554804098
558239737
558906281
560364687
561336547
563382068
564649155
564662692
567267665
569182400
571683663
576374735
578238944
580767387
585472862
587096706
588343496
590703210
594805716
596741810
600704977
602745172
612345019
614992321
619595781
621373668
622942905
623408244
624097212
624542040
626490071
634686818
634783840
644849499
645105317
650910160
652341873
657280574
665287216
667777805
668963551
670116212
673278230
681396923
683486066
686506533
692365883
695188806
697411217
697602373
701804426
702956640
704753897
704967005
705335099
707082065
709248730
711384326
712205808
714716411
722786146
730914170
734069886
736178429
738064687
741224208
741966147
742813409
742820493
746957071
747811375
747874016
753033801
753293745
758003890
779495955
781772572
782675290
786752832
789303551
799853814
810472011
814510581
815006613
822927042
824805515
832440854
832461408
837056929
839412199
848807596
852072170
866404761
876683003
879716915
881938684
886487221
886784627
886908679
888128638
890668826
893079872
898029250
898516436
898827703
899093119
902336246
904668216
913348947
914565633
921099570
921584232
923622164
929703476
934159269
939250560
946489799
946680041
949118090
951144740
956502577
960868918
960991041
961054635
962452748
964194931
967340617
967852435
970398121
973951673
975246077
976896716
977429924
977934531
981832004
988641675
992954369
995923682
996131687
998872754
1001339532
1003848965
1005116132
1007853318
1010077235
1017191085
1020626188
1024557572
1026539229
1039371151
1039477093
1047874213
1048200276
1048846791
1050288577
1050533066
1051263164
1061417757
1067017902
1067301054
1075769983
1076037374
1076414042
1078400939
1079934923
1083033404
1085657276
1086673724
1087172795
1088872279
1091916050
1099403002
1099704366
1103587007
1104223059
1105810081
1106330257
1110319734
1116639075
1121528568
1123621602
1126659600
1126689211
1128632200
1128957451
1130022721
1132788519
1139237961
1141319279
1141554419
1144625600
1147213462
1151239544
1152201009
1152219288
1156946085
1158526162
1158594323
1160212275
1162921434
1172400923
1173185357
1183412863
1185417105
1187352917
1201998037
1205109987
1207657057
1209979241
1212880519
1215820329
1224490686
1227237138
1228436166
1229486165
1229760232
1230379255
1230518524
1238929784
1245352461
1246239948
1251970326
1254723754
1255380690
1255914348
1256792227
1258121481
1261832035
1261873000
1262369908
1263698280
1264336792
1269065167
1270490602
1272161982
1272317376
1276301142
1276323268
1277879330
1279290315
1280149418
1282119539
1286611578
1288504150
1289697967
1292936893
1294025444
1296150173
1297347894
1300009215
1303659596
1307639567
1316374967
1323043228
1323633417
1323668730
1325408736
1338184649
1340160804
1340723984
1347368133
1352214590
1357748560
1361842002
1364128539
1365664386
1365806442
1376047393
1379481467
1380717307
1381402531
1384454750
1387038598
1387489341
1389156170
1396060206
1400915524
1412174402
1412693832
1413716476
1429120419
1432494582
1441246955
1442094262
1443261062
1443702957
1447340688
1457246376
1457742355
1462052716
1464554127
1472199229
1473796596
1474392874
1475328386
1476760351
1477198889
1479767760
1481836292
1483485666
1484611882
1484739093
1485100250
1486657319
1488037170
1488218118
1489201605
1489832619
1492444425
1494003992
1495722583
1499796157
1500761799
1501393116
1515960963
1518364302
1524225255
1525879385
1529369350
1535954227
1541865894
1542757671
1545914020
1554134417
1555780220
1556486597
1557057270
1557060982
1559320916
1559729475
1560588508
1561235170
1564212308
1565006516
1565416252
1566476081
1568733428
1568762545
1569202597
1571248776
1572407590
1578758753
1584449176
1594577504
1596308646
1597222636
1597245827
1601406134
1602560838
1602673867
1604522206
1607513254
1610377022
1611382019
1614630179
1616794514
1616958080
1619675224
1624422557
1626272229
1629298930
1630251591
1635330437
1637968612
1639623866
1643947756
1645730000
1654513479
1654679567
1657538500
1658510594
1658526268
1663540412
1664537872
1669969195
1675305990
1676114483
1677541629
1684876140
1686103228
1686327293
1686378943
1688159903
1698859934
1698984314
1700069437
1702411419
1703160416
1704049112
1704202815
1705390568
1713225531
1713280903
1723959143
1724211546
1728248417
1728518721
1729748866
1730583078
1734111461
1743258109
1745798413
1751164443
1753992890
1756433237
1757031311
1767051277
1771725840
1773648229
1783005044
1787644105
1789587977
1790295330
1790903941
1794918945
1796737508
1797945563
1798581260
1800612399
1801457957
1805873268
1812373147
1812738489
1818773449
1823060462
1824602936
1824940651
1832084793
1833093759
1836642616
1837391239
1845238337
1846421941
1848733027
1851879218
1856913989
1857672502
1858019067
1860115060
1866409633
1868075311
1871209413
1872485611
1872992546
1874027937
1874411749
1877557979
1879052888
1880013653
1881926885
1885346973
1887014151
1899057054
1901348115
1901465812
1909122333
1909272968
1918375212
1919346452
1924306658
1924515472
1924823472
1931149907
1942185182
1942972874
1943912323
1945635248
1949298433
1952208951
1953245220
1968407483
1976877274
1977799492
1981040020
1981217420
1985486009
1986432162
1986866003
1988129368
1990000857
1990281993
1993453395
1996779988
1997604204
2002562409
2004611486
2011609310
2012202821
2016819983
2018188358
2019386234
2022430083
2027229441
2030935702
2032413075
2049606159
2051183160
2058110894
2059399584
2061436984
2062004099
2062724874
2064203930
2064314975
2067841970
2069675733
2072113701
2081206425
2081680034
2083514434
2088575667
2090057570
2093006114
2101087157
2108101117
2116019871
2117094290
2117476426
2124453234
2125541561
2125929033
2126879182
2127567456
2128138115
2131837236
2134216917
2135420510
2141668293
2145111882
2147208899
2148652755
2149352833
2154390259
2154925330
2157108375
2161932706
2171774609
2173376997
2174044032
2178257327
2180351649
2180430053
2182473456
2185369857
2188240034
2190477313
2192335398
2193143579
2194392299
2194752372
2196644824
2200465400
2202859008
2207360298
2209162447
2211004645
2214579466
2214926525
2215053055
2216604313
2217164641
2233177426
2240412248
2243290889
2260807943
2267822455
2268694546
2277672825
2280401038
2281692503
2288316711
2288504615
2288986646
2289173977
2289768853
2290266432
2294957822
2296759327
2305649319
2308890330
2315542551
2323454644
2325223970
2326805124
2327184424
2329232196
2332024695
2332244532
2332697686
2336287405
2337992454
2341028618
2347334292
2351487393
2353244573
2353394623
2354655699
2358234475
2358868826
2367758490
2369211349
2373294901
2374268020
2377278984
2377865669
2378753227
2381743861
2383275917
2387585171
2397116760
2397229246
2399283847
2401076572
2408423143
2409345694
2411004227
2414547485
2417586525
2420347524
2426950446
2428154100
2432461324
2437118747
2439541360
2442455938
2448030257
2449322377
2451757924
2453414552
2456099655
2456572528
2462210469
2462827704
2463682347
2468290366
2468506685
2475001641
2476038940
2487375054
2487610491
2489638578
2491385587
2498955781
2512201247
2512515068
2512871891
2515311182
2515915374
2517145944
2518047129
2518479149
2523191463
2526299701
2528090430
2529755287
2533966713
2534017554
2540037893
2544062953
2548796723
2549705381
2550925912
2551438647
2554420551
2557267251
2557718989
2560331062
2561017837
2561120545
2562580298
2566622503
2574774892
2574899409
2579208019
2587236061
2589080916
2590559399
2594199988
2595276443
2596292052
2598027031
2600534355
2602043514
2607406899
2610212102
2612364654
2613392048
2613856264
2635779907
2641475587
2643018501
2645288632
2645613947
2645912452
2646660450
2649329951
2652379736
2656649019
2657090895
2661353757
2666278710
2666708683
2668201789
2670135922
2672073568
2675585520
2676403383
2678167767
2678701898
2679595466
2684217091
2687988694
2689033557
2693649623
2696493947
2696929143
2699737460
2703425946
2709086512
2711334671
2711594170
2714819914
2718048031
2719063718
2719704173
2724254878
2725240578
2732206577
2733860817
2738211478
2740059019
2744880823
2745779074
2745937771
2749759972
2758907043
2764735729
2765890607
2766314329
2767122893
2769848114
2776630741
2777276178
2778171159
2778605311
2782070765
2782880292
2787603700
2788388137
2789009917
2791786472
2792424179
2794034342
2800114176
2806003924
2807745904
2809965778
2811561199
2815431213
2816555755
2816783072
2817870610
2821346843
2822693997
2826101974
2827825930
2827988359
2828599449
2840132575
2841310075
2844871504
2845468581
2849102100
2849585942
2849945921
2851451789
2851961759
2852459332
2853111919
2860826259
2861685931
2867762886
2868194148
2868474544
2869548211
2874419057
2877146315
2877253115
2878014019
2885827847
2887864552
2889306275
2889617319
2898975072
2899363139
2902842690
2903082716
2905896944
2920813005
2921124741
2923670243
2923988523
2930345023
2933663856
2934824618
2936090852
2942034559
2945092999
2953525688
